100
-1.0508301678364274 1.0836738776264587
0.8139186781672905 -0.18783120829721422
4.440431168598174 -0.5999222156663273
-2.4260442328255754 0.950345429676644
-2.222781576813966 -0.45556161554424923
-3.556710538887478 -1.0302111008737869
-2.541261896623429 0.6481525868388069
-3.366239854083515 -1.066971636634517
-3.202510790188973 0.49933386222118115
-3.6829856134066947 -1.397541219774147
-2.3496247132184895 1.9329565147302499
1.1580482370336114 0.717264673336754
3.9184251119096203 1.3286090124738363
-4.280677003056178 -1.7141098051995807
2.906283806443154 -0.41639096156886435
0.89923944667553 0.976807969794391
2.3265649122051117 2.235287161023376
-2.718183502982037 -1.1343110666655656
1.752372763636373 -2.0568405377695376
-2.246306657489946 -2.2637173874198075
3.7471593813766777 -2.128521321718361
-0.3080493728053426 -1.0585283844990847
0.3187649145500968 1.8872271365121915
-4.0163938945259545 -1.9882914422472773
2.041902047719848 -0.7825032265818275
-0.8038016063025721 -1.1353671553527827
-2.837844368134454 1.6458833610985866
4.16271302297219 2.0286451291695067
3.965533846010219 -1.5655391135101067
0.2798428879765371 0.46496713460911954
-0.24637859130203665 0.6246960445412166
-1.4507435786712453 1.488276123274424
-2.1932074164199586 0.5720222654998994
0.5641702794901908 0.06127073702663344
2.5508063714542395 0.6046205265429228
0.7268988688683287 1.429429405044964
2.5663764766468784 -0.8133850563020215
-0.5777276585598052 0.8358750419872973
2.9157693314134923 -1.7749681096729168
-1.8582214397000643 -0.8989759751654618
0.4868223792197943 0.5939356310366661
4.005243571008602 -1.3116489160344613
0.11055511185663214 -1.7112069834301293
2.947902507324055 -2.101718301042279
-3.0757962423081975 -0.7798741437409806
-0.2898823720281962 2.2426245106311984
-2.4798673207821498 0.21687118117595094
-2.505238598095502 2.3755248693987343
4.290807493693745 -0.9121089059242204
-1.9922280464766269 0.2239260405293737
4.229721735383508 -0.4059213495222118
-3.7458079967983506 -1.0487263052237656
4.271173116484963 1.0009973685440317
-3.517739099804193 0.8558454219943368
1.3598992632997646 2.5716418272728334
-2.9002804242190954 -2.5913580959971774
0.7523507134596272 -2.1913652707273523
3.357443057577507 -0.9951551502144407
4.255277985657887 1.8122217247840449
3.882580592483585 1.3676756001286052
-1.4305404261324326 -2.627301181226684
-2.1446612842751596 -1.5379560965132395
0.5167489321080545 -0.5295225102177374
2.3494116228044915 2.1294342452276065
-2.2671602847281376 -2.0365926775508987
-4.015251510434278 2.235552159629228
-3.8657709912954994 -1.009666032366078
-4.337740207537907 -0.9116595660668765
-1.444868765881485 2.545125077141275
2.460352393744863 -1.7415395240435867
-2.139542104585983 -0.4216687166307631
-3.8578520274754164 -1.50583470582961
1.7701345188912434 -2.19015878002011
-1.2219740622760185 2.2058270389274326
1.9872530520740508 -2.6317895723041236
-3.220398475431822 -1.553459357499893
2.533501331774519 -0.8356319724366057
4.157751157601458 1.028462545882376
2.5470712076877655 -0.25927118556431505
-0.13572564963959 -1.1176336636476922
0.5926701207787968 0.5626559273263751
-2.4674839946236267 1.2683903564659706
-1.4555406324353322 -2.1355293393081642
-1.694716721767338 1.0784486141685918
2.7766799155768567 -2.3098222703586577
-3.7224532672688135 2.415194916922578
-2.227139441385964 -1.7332904354126457
-0.6338303966067009 -1.5340327285081876
-4.2180693201443376 0.35382199791193303
-1.0841651378714645 -1.3790820968942017
3.088890779713669 1.8211636826975872
-2.346975350271373 -0.8125431078129539
-1.186515189420411 -2.3346185109764517
1.9831539993804306 0.16662089882976572
-2.021338836439188 2.3358472172671587
-1.343817871679296 -1.5826111106927043
4.264913045195556 1.1653746042281137
-1.4889849813408853 2.2588111508251694
2.2058967668040896 2.5983326139247302
-2.277261991799369 -2.3406118128307796
